1000
80 53 38
31 8 81
16 97 9
7 78 53
9 10 84
71 75 25
25 74 22
33 44 96
52 23 15
16 58 42
76 45 72
40 79 88
49 42 78
46 18 82
73 94 6
38 86 11
37 65 24
32 71 93
97 40 45
78 56 13
64 70 73
42 25 39
67 56 15
28 9 52
64 82 82
45 62 57
68 23 60
17 31 57
80 46 30
16 48 34
5 5 86
37 24 17
72 17 12
94 73 33
66 43 12
100 90 10
7 95 21
2 98 62
28 43 83
46 25 23
88 56 9
2 64 93
20 24 95
24 26 19
42 62 90
85 2 99
93 54 6
97 24 78
17 63 22
36 69 53
58 85 42
11 99 92
44 19 7
13 15 75
72 40 83
37 26 33
48 64 69
9 100 8
75 9 23
79 13 6
37 59 59
28 44 77
99 99 99
0 99 43
75 97 59
51 61 95
78 3 72
55 32 37
52 37 89
46 74 16
41 54 55
74 98 45
30 64 33
50 69 97
93 81 97
16 66 92
62 59 95
88 5 55
31 9 91
21 81 30
89 48 39
79 67 41
18 13 17
43 47 33
52 22 97
85 68 41
77 75 53
33 58 9
56 82 23
26 26 94
100 35 40
42 67 86
51 46 69
55 82 21
5 36 8
100 6 31
93 68 55
94 75 65
50 22 62
48 86 21
3 75 98
32 68 96
87 63 16
95 24 55
55 68 37
74 86 67
16 53 10
56 35 42
55 94 27
81 8 37
97 7 12
7 62 58
53 66 72
66 96 69
0 44 99
67 23 25
100 87 47
48 59 23
39 72 57
47 71 80
51 61 55
5 34 58
79 4 33
10 67 92
0 20 21
57 41 42
66 98 21
37 21 1
15 40 98
40 29 19
47 92 81
31 37 19
4 79 33
65 19 26
20 56 46
65 34 26
97 83 99
4 8 40
36 41 40
92 7 98
88 45 37
53 97 9
22 88 73
76 5 76
84 63 8
28 95 98
61 12 61
22 14 70
42 67 14
59 19 85
58 99 46
53 92 12
56 83 72
53 77 48
98 85 64
28 53 36
33 69 55
6 74 68
89 21 73
24 57 38
70 72 24
10 86 69
38 42 11
100 74 54
83 12 56
94 41 86
22 89 58
67 94 53
46 38 10
90 22 23
3 40 45
55 83 24
13 62 69
11 30 40
10 87 38
13 17 1
48 46 58
79 8 72
93 94 28
57 38 52
10 33 33
78 23 25
67 48 15
10 34 81
19 53 6
19 71 93
52 29 5
77 97 48
5 74 9
30 65 81
55 84 13
55 12 25
30 86 56
40 58 61
79 69 11
8 3 76
72 9 77
51 39 32
43 81 99
76 23 47
11 45 87
60 87 90
24 98 37
66 75 25
64 15 25
33 39 73
58 63 62
49 97 30
90 14 81
94 30 67
79 88 11
54 53 91
80 70 89
26 2 42
64 25 83
100 23 20
23 58 58
65 81 74
42 13 34
34 72 48
51 22 21
54 8 62
45 4 63
1 12 64
4 64 27
37 56 98
27 23 72
3 22 39
86 14 22
100 31 11
89 8 11
61 38 36
38 15 17
56 48 75
11 10 80
82 79 96
42 33 100
51 52 94
8 20 80
14 81 78
86 41 9
52 60 75
60 81 83
8 67 44
60 98 27
70 35 40
24 64 84
85 86 56
11 45 47
77 41 62
50 66 61
100 61 33
93 24 72
81 14 29
45 54 78
90 67 82
96 67 6
9 3 8
27 5 38
91 5 25
13 64 42
31 30 58
49 18 95
28 62 38
43 86 20
86 15 32
70 59 36
25 43 2
66 68 37
75 37 68
57 75 18
48 48 69
96 46 59
37 87 64
35 72 76
17 32 44
100 55 38
7 56 41
30 5 55
10 19 4
42 63 85
81 16 88
72 21 28
96 31 25
25 93 2
10 55 4
53 22 1
78 12 26
52 96 17
82 24 95
25 47 39
16 86 46
34 64 3
90 69 64
63 5 13
0 55 55
2 42 20
62 17 79
54 98 4
93 6 84
70 29 55
4 57 29
51 26 61
12 72 83
37 62 67
75 93 5
41 26 27
99 77 4
44 65 58
23 76 96
8 92 17
92 38 94
65 77 76
89 80 24
17 43 82
95 21 59
78 84 95
45 58 33
28 14 70
21 88 44
33 70 76
50 22 39
17 55 29
7 34 65
14 89 2
10 5 43
22 21 46
62 44 84
41 62 75
73 81 29
20 71 63
75 18 15
32 67 10
20 94 40
87 20 40
15 81 30
54 28 31
60 5 38
41 97 68
54 93 10
38 6 39
52 79 95
15 73 20
28 11 21
45 24 72
47 32 85
5 95 26
97 37 34
75 91 13
31 10 68
6 90 18
19 77 96
44 52 32
69 44 38
0 68 90
83 77 98
54 36 40
9 70 2
83 83 38
75 69 6
57 52 31
100 91 18
55 36 81
2 77 57
18 56 55
98 23 27
66 92 12
8 31 78
100 9 27
38 55 3
72 73 82
0 27 62
4 11 83
62 17 11
7 84 93
84 40 70
35 55 63
42 73 40
15 27 85
32 43 54
12 7 78
76 78 55
47 53 21
60 83 20
61 34 14
79 48 76
77 23 24
17 2 33
81 3 94
68 6 13
1 54 73
39 68 98
81 13 32
15 48 19
37 92 57
64 38 29
6 12 13
49 35 2
94 29 22
25 17 18
68 47 78
75 30 25
36 54 38
100 17 30
69 39 59
35 9 73
53 90 67
87 5 14
90 72 20
0 53 42
73 91 41
95 85 18
98 28 93
99 60 89
31 20 6
38 92 85
95 95 17
59 82 94
88 17 98
70 88 73
56 6 32
35 64 17
34 27 91
12 39 71
52 71 98
100 45 18
85 96 27
81 64 71
37 3 58
18 82 44
14 10 10
38 27 52
86 82 81
12 83 57
92 55 47
20 98 70
91 63 31
61 9 64
18 69 54
19 77 72
84 98 25
57 71 100
41 20 71
31 46 91
91 41 56
50 95 41
44 5 97
84 26 67
19 32 19
16 86 48
28 88 81
31 11 98
16 20 69
38 96 19
39 68 89
29 25 59
25 63 58
71 76 48
9 76 39
91 54 60
57 28 81
18 66 28
39 62 100
8 64 34
36 32 85
100 66 7
12 24 3
12 9 17
86 67 92
65 46 89
57 14 13
80 65 25
82 35 76
38 18 74
7 25 48
25 25 97
59 98 12
27 81 7
12 85 59
97 87 65
13 94 70
66 17 16
8 58 1
77 83 58
73 7 6
80 25 64
19 8 1
7 29 92
91 77 63
2 67 55
19 38 41
82 20 52
13 98 74
9 77 77
91 86 25
90 69 60
93 61 47
100 84 31
40 5 31
57 75 37
82 65 54
6 54 76
16 11 38
13 69 20
42 91 58
52 68 11
10 22 75
25 65 34
3 66 73
38 31 43
28 100 1
52 39 2
19 25 7
62 57 13
30 57 67
8 100 13
1 87 71
7 84 22
30 41 28
61 95 87
59 22 76
67 7 97
85 73 67
98 69 74
71 28 4
61 89 91
1 55 20
38 3 52
18 18 95
35 8 16
22 64 65
29 42 62
22 41 17
99 91 5
85 73 70
51 16 83
41 32 82
3 31 48
17 46 54
67 60 99
34 59 57
63 4 15
4 99 34
58 20 22
92 80 87
20 60 75
38 36 53
35 22 38
51 76 26
13 9 61
85 70 9
99 70 27
55 55 17
84 71 12
57 58 89
76 10 62
16 5 23
22 97 31
6 36 66
97 58 73
56 84 29
11 72 92
61 65 100
77 46 25
100 64 45
13 42 34
41 85 37
63 73 6
11 60 98
52 36 12
6 57 10
59 89 41
25 2 9
39 94 64
60 38 13
23 24 41
45 38 11
55 80 45
47 66 45
6 56 93
52 58 41
10 72 100
2 1 3
14 19 22
72 98 89
89 99 82
95 22 15
19 95 1
38 13 25
79 100 64
99 13 4
24 100 35
80 60 28
72 45 65
84 38 75
74 86 76
80 80 99
97 69 86
23 21 97
74 76 22
37 2 41
85 13 84
6 26 84
91 25 16
0 10 42
60 86 100
46 83 61
74 32 16
74 24 4
5 98 52
27 23 13
58 27 76
49 43 41
62 18 5
74 83 52
53 89 74
15 100 82
4 80 61
53 28 74
53 100 79
66 25 14
5 20 37
99 61 22
83 56 97
22 61 99
16 15 64
100 1 1
93 85 66
19 90 69
33 61 4
41 48 10
100 89 76
82 47 46
76 21 60
8 13 21
33 17 14
38 8 35
25 40 82
20 46 63
54 69 77
75 31 59
61 30 32
0 20 25
76 7 28
91 2 82
75 33 74
71 75 75
80 22 42
27 56 28
4 99 54
47 12 95
52 71 59
62 86 17
35 73 75
1 81 66
1 45 6
93 73 87
77 91 2
94 29 61
23 34 79
33 84 61
74 35 91
93 8 68
63 97 5
65 48 46
19 57 99
18 57 73
26 57 61
91 10 57
57 87 8
58 86 97
92 82 14
79 37 2
32 60 75
88 98 52
43 48 99
30 17 52
72 69 8
21 6 39
43 58 83
96 80 66
9 67 98
74 92 31
41 97 37
53 70 66
91 48 60
5 100 52
89 84 47
98 100 65
49 11 58
46 59 25
59 83 100
79 94 60
20 28 98
8 7 32
34 29 29
75 52 73
73 60 73
7 13 96
55 37 9
67 89 59
59 72 79
34 29 37
33 29 79
17 42 4
5 77 17
85 71 33
30 44 90
96 2 72
33 55 85
49 32 95
23 7 57
46 4 73
59 75 32
58 20 9
84 32 46
12 59 63
46 13 17
47 88 70
30 5 25
4 95 82
79 46 84
38 91 22
90 37 82
18 75 8
64 76 28
55 2 71
15 90 92
34 92 25
50 45 96
59 78 24
65 91 93
48 21 33
8 34 45
41 12 92
66 96 69
29 16 45
79 48 79
70 25 2
91 77 4
15 70 53
33 60 68
25 54 15
73 93 3
76 77 73
50 20 90
75 12 4
100 70 91
91 35 47
100 97 2
70 57 74
95 23 15
67 43 20
44 4 23
87 28 17
65 77 89
73 100 14
67 54 42
77 28 9
90 76 61
62 87 92
34 78 21
2 9 3
34 21 80
82 2 69
60 24 94
35 62 33
12 55 55
84 93 54
94 13 95
79 70 92
26 7 46
45 83 96
76 86 17
67 45 84
77 61 9
82 97 70
17 53 33
16 96 54
56 92 59
1 52 5
84 63 23
35 16 42
100 37 76
100 91 95
34 9 32
36 64 15
51 37 95
36 93 63
90 93 62
48 55 54
61 11 30
39 5 38
59 60 85
79 26 26
28 96 15
86 23 47
83 81 21
0 30 70
79 87 63
29 21 13
21 89 97
93 62 88
12 100 82
34 98 65
84 90 1
91 24 30
73 35 23
21 99 3
13 47 81
75 46 17
55 4 97
13 55 55
22 20 89
99 41 62
32 94 82
13 64 55
82 42 37
1 42 57
48 100 7
49 2 81
24 1 68
13 45 52
28 58 46
14 65 87
85 67 94
44 31 91
24 24 77
78 28 94
74 32 14
94 7 87
0 15 62
45 24 7
77 18 99
38 13 28
8 61 41
6 33 77
93 5 46
84 79 48
29 37 5
80 5 56
46 13 25
42 12 84
50 58 100
8 61 3
55 99 81
10 33 56
13 9 38
3 89 85
61 56 2
95 20 58
50 27 13
73 32 97
12 25 45
82 87 30
36 67 58
55 65 61
1 87 21
39 42 75
2 59 23
81 58 33
29 2 60
66 15 25
31 90 6
72 82 11
44 62 13
71 83 38
87 78 17
59 75 48
4 25 17
30 74 67
53 46 81
35 99 22
83 62 4
33 20 79
59 46 2
98 29 77
61 71 58
34 92 69
54 72 3
75 40 70
39 81 80
58 58 81
61 85 22
45 39 5
28 75 45
70 93 6
46 60 37
76 9 32
70 67 75
25 61 69
45 58 69
22 75 38
13 46 10
86 98 75
48 69 67
52 68 7
85 55 91
91 2 12
88 93 40
22 4 96
4 90 64
46 69 58
36 98 27
48 38 28
78 100 69
4 86 31
42 93 63
66 26 38
91 74 34
76 87 22
68 23 92
37 54 52
57 53 73
21 94 36
43 30 26
47 88 38
27 39 58
35 43 32
20 46 39
1 74 53
6 68 91
22 95 30
53 76 77
93 73 82
25 68 86
76 85 40
77 76 20
32 27 27
80 15 95
99 97 98
23 100 5
18 95 60
83 89 31
39 12 84
96 33 27
14 30 25
36 61 83
12 3 26
38 10 22
16 46 80
91 47 20
19 23 85
28 13 37
22 2 57
90 98 72
47 1 94
20 18 1
22 54 16
4 17 11
5 85 97
66 89 30
75 96 31
46 26 68
75 56 53
46 60 87
56 65 95
64 20 30
31 11 66
76 27 10
59 31 96
26 4 85
99 8 47
85 12 5
2 32 95
62 46 1
31 47 82
89 41 20
90 48 65
84 53 47
98 39 27
40 87 59
38 18 100
42 4 54
17 17 24
35 97 48
77 88 1
1 23 28
21 26 87
87 22 56
87 37 39
75 36 52
34 78 66
30 64 56
14 12 58
56 22 38
30 29 57
23 66 83
4 64 60
32 96 39
87 12 14
41 31 52
23 89 93
33 56 65
68 94 26
69 11 77
85 16 71
25 85 66
31 80 31
72 83 63
