400
-44155283 27802940 -44155283 27804600
-8014548 100425989 -8014548 100426664
26784883 24626720 26785590 24626720
-8061588 30434519 -8061588 30437308
-3497328 -8004675 -3497328 -8003424
-56698056 -129654 -56698056 -127840
29410239 54931590 29410406 54931590
-7802704 -1260818873 -7802704 -1260816039
-18747994 -226550513 -18747994 -226549360
-114563722 -343539506 -114563722 -343539182
-120976002 2784747 -120976002 2786630
16679757 9961406 16680629 9961406
-4240287 92183791 -4240287 92186237
-40661811 -146721879 -40661082 -146721879
-2074182 164587 -2074182 166404
-11248838 133590684 -11248838 133593508
-4713192 -465884165 -4713192 -465882624
47662389 331054480 47663712 331054480
-75988200 24656202 -75988200 24658446
-51625616 -177320993 -51625616 -177320754
-13624181 -88049244 -13623844 -88049244
-56528640 30459692 -56528640 30462180
-9704016 -58466162 -9704016 -58464990
4871798 36233165 4871864 36233165
-505893 -26652780 -505582 -26652780
-75869147 40962737 -75869147 40963076
-6926310 -1021559997 -6926310 -1021559608
-15903709 -33322422 -15902488 -33322422
28535083 0 28536288 0
-2929395 -70144200 -2928900 -70144200
-37686152 -2203677 -37685372 -2203677
-34293044 -76904500 -34292616 -76904500
-21582860 71037436 -21582860 71038198
-11752800 -158345596 -11752800 -158343232
-130453352 4328271 -130453352 4328298
-30859626 -61466407 -30859626 -61466097
-15896460 11260589 -15896460 11261700
-103761411 49399128 -103761411 49400282
-4719279 -569930404 -4719279 -569930094
-5363352 175298082 -5363352 175299000
56013347 578026878 56014632 578026878
-244440 12431536 -244440 12433660
-103098671 170671275 -103098671 170672832
-8958048 -3820164 -8958048 -3817920
6786444 32811640 6787891 32811640
-154105592 -51594246 -154105592 -51592464
-2371734 -189775228 -2371734 -189772288
-47752578 56106212 -47752578 56107320
-136509709 -330426936 -136509435 -330426936
-48329026 -93298608 -48327720 -93298608
-29113680 97410258 -29113680 97412490
-21875536 49674184 -21875536 49674716
-57679286 -8308518 -57678764 -8308518
85525446 10584945 85525965 10584945
-165088147 -446387685 -165087720 -446387685
95376549 162495564 95376960 162495564
-2163512 -8005704 -2163512 -8004696
-123795535 -3829740 -123794140 -3829740
-2069702 -9422985 -2069340 -9422985
-6417925 -1120054110 -6417253 -1120054110
-15488826 -355072430 -15488826 -355069876
-111139610 -637996174 -111139610 -637994300
-38738910 -136388366 -38738910 -136385800
-18487824 168529 -18487824 169545
81605382 5187260 81606360 5187260
-1643529 61454001 -1643529 61456024
-15866133 -52063424 -15865436 -52063424
-42001276 -10603800 -41999944 -10603800
10902119 412209693 10903130 412209693
-2321251 -775876080 -2320584 -775876080
8148197 63790767 8148632 63790767
6452030 90805680 6452248 90805680
-22325128 19208104 -22325128 19209960
-114594048 43621975 -114594048 43623970
-15129206 2997837 -15129206 2999920
-769740 58872553 -769740 58872654
6198548 122021289 6198714 122021289
116874173 121913674 116875650 121913674
-1773641 -522684064 -1772550 -522684064
-3201576 104687113 -3201576 104688640
-7470895 -393932160 -7470000 -393932160
105424064 47424 105424242 47424
-8210954 -118863270 -8210371 -118863270
89382787 304545180 89383938 304545180
-31899100 -396820424 -31899100 -396817500
-7497000 -150291514 -7497000 -150291450
-7034396 -12000184 -7033089 -12000184
-36779628 -587228376 -36778581 -587228376
-110358395 -53999003 -110358395 -53996890
4701607 99607092 4702160 99607092
21328591 22301708 21329568 22301708
8692862 428508528 8692866 428508528
-51582240 -89832936 -51582240 -89832000
-110660619 85845686 -110660619 85846380
-211077640 -153567992 -211077640 -153567053
-47850344 5291740 -47850344 5292760
-7575397 -388322391 -7575397 -388322320
-46206570 -210793632 -46205298 -210793632
-16951064 39003329 -16951064 39005376
146491413 237644784 146492445 237644784
-46106865 -52036335 -46106865 -52035130
-56606718 81000214 -56606718 81001325
-121940109 -264352379 -121940109 -264349425
-559504 -232798112 -559504 -232796550
-30517914 63786439 -30517914 63788711
-7171101 -476719100 -7169712 -476719100
-718680 -50496544 -718680 -50493630
-44568270 -20814904 -44568270 -20813240
-48943186 -308967432 -48942180 -308967432
-6206616 104619771 -6206616 104621184
-11121384 -213279524 -11121384 -213279138
-9792280 -969005577 -9792280 -969005440
-200304705 -159860477 -200304705 -159859469
-3883140 -1060607471 -3883140 -1060605310
-13032507 -213227686 -13032426 -213227686
33847772 3773628 33848836 3773628
-279102 -3649540 -278432 -3649540
-139833716 -24248943 -139833716 -24248646
-3406482 -37604754 -3406048 -37604754
-121313194 -250938022 -121313194 -250935840
58801764 187080432 58802980 187080432
199923068 75968540 199923654 75968540
-377986 -17556000 -377136 -17556000
-191181573 -512399737 -191181573 -512397100
16134800 10015488 16135210 10015488
-68206012 -67678300 -68205150 -67678300
-138660984 -194648952 -138660984 -194648298
63648 44076570 63954 44076570
-133251502 -354589137 -133251174 -354589137
-14362547 -10656756 -14361728 -10656756
-10692432 -105401938 -10692432 -105400992
14506308 110671044 14507290 110671044
-87502566 -374951875 -87502566 -374949120
-30808701 -61665243 -30808701 -61665120
125511354 209159808 125511930 209159808
-47261689 -72750150 -47261241 -72750150
208696125 179133858 208696216 179133858
-65767084 15681850 -65767084 15684112
75564663 38752560 75565812 38752560
33035828 195646450 33036800 195646450
-1418508 17738877 -1418508 17739000
34235666 20530755 34235960 20530755
-34246170 32194159 -34246170 32196408
-89753589 -327738600 -89753376 -327738600
-27572555 -1241655408 -27571731 -1241655408
-40702318 -228658976 -40700832 -228658976
-9782009 -510765865 -9782009 -510764800
-31875356 -220100495 -31875356 -220099236
-21017278 -1297190944 -21016080 -1297190944
12767468 47448744 12768072 47448744
-18439110 -807888042 -18437853 -807888042
-65777364 1487020 -65777364 1488332
-153318885 7292634 -153318885 7293412
-150516804 -23142571 -150516804 -23142006
-144137664 -148550688 -144136908 -148550688
-60428214 7094401 -60428214 7094628
-8775698 -39217800 -8775610 -39217800
-150219624 16767674 -150219624 16769148
16558595 352702016 16558916 352702016
-179800 118842419 -179800 118843200
-11733404 98870299 -11733404 98872200
-44154438 -250150632 -44154438 -250147968
188760388 974445654 188760516 974445654
-50315179 -445047298 -50315179 -445045590
51360766 187858500 51360981 187858500
-4753280 -577247 -4753280 -575091
2773722 275685474 2774880 275685474
-12839899 59589098 -12839899 59589896
-1475811 -17819648 -1474528 -17819648
-140365431 148946146 -140365431 148948570
-7778016 77085417 -7778016 77085918
-20005294 -19232896 -20004544 -19232896
31065489 266613270 31065680 266613270
-299772 -134507276 -299772 -134504340
-33710886 38233148 -33710886 38233866
-84581103 -1238607828 -84581103 -1238606688
-40408480 -16787681 -40408480 -16784976
-82700240 39882460 -82700240 39885140
-50808875 -41145593 -50807536 -41145593
-202659072 -210811647 -202659072 -210809046
-12577658 52029240 -12577658 52030880
-1630573 -62183276 -1630573 -62180874
25655306 90044331 25655570 90044331
1963111 413050690 1963920 413050690
-19294200 50566797 -19294200 50569678
5900619 133804152 5901918 133804152
38190670 808885 38191824 808885
-72136458 -133667033 -72136458 -133666860
-184463140 -1201654116 -184462824 -1201654116
-7133408 -131072 -7133105 -131072
-127278424 47047918 -127278424 47048976
87263946 90463401 87264049 90463401
-27043800 -192607972 -27043800 -192605700
-55148716 128501214 -55148716 128503716
-6474615 -55812384 -6474615 -55810020
-92315780 -201844683 -92315700 -201844683
-168863703 -407623650 -168863100 -407623650
-19074659 -349686624 -19073230 -349686624
-89348180 -20590207 -89348180 -20588076
3675828 16673064 3677076 16673064
-13239751 -871980480 -13238840 -871980480
-4545570 2735762 -4545570 2737362
-69403410 33086866 -69403410 33089457
-14753575 27234712 -14753575 27235189
-50609818 -12569808 -50608481 -12569808
-101481149 -140880900 -101481149 -140877990
-1663699 -65405421 -1663699 -65402748
-101586646 -222894342 -101585456 -222894342
-1026627 73914685 -1026627 73915920
-7911275 -983947797 -7911220 -983947797
85836877 10585152 85837090 10585152
-129676611 -261163608 -129676498 -261163608
-1933878 27946973 -1933878 27949194
-10190279 -73109760 -10189900 -73109760
69149740 224220 69150454 224220
-115681576 45624731 -115681576 45624957
-47804634 5007898 -47804634 5009425
101627435 13627040 101628655 13627040
-51623983 1177396 -51623983 1178658
-5754922 -1839120 -5754092 -1839120
-6604542 49960538 -6604542 49962780
-8441304 -144268343 -8441304 -144267034
-39226803 91276294 -39226803 91278291
-15228420 44597638 -15228420 44600470
-3592032 38208395 -3592032 38210802
13800724 214071294 13801799 214071294
-33706884 19585469 -33706884 19587480
92327086 78354990 92327928 78354990
-9174176 -528584775 -9173160 -528584775
-37804352 69761608 -37804352 69762196
10991054 390234936 10991310 390234936
99926937 211672962 99927384 211672962
13677549 748544 13678770 748544
-73965922 -320351760 -73965052 -320351760
-59838500 -746680608 -59837569 -746680608
-80393300 -559257903 -80393300 -559255392
437745 299965218 438482 299965218
-2749782 36247608 -2749782 36249690
54248180 58378320 54249646 58378320
-7709180 -222729158 -7709180 -222727120
-147474360 -80668355 -147474360 -80668194
-3265804 -163098152 -3265788 -163098152
-143494760 13373702 -143494760 13375616
-49664706 -9963000 -49663868 -9963000
-155027248 2892548 -155027248 2894915
78441958 221276432 78442590 221276432
-110760372 65133325 -110760372 65134033
-76196791 -31098617 -76196259 -31098617
-18529790 -342022520 -18528384 -342022520
-55800485 18065303 -55800485 18067880
153502228 257242760 153502547 257242760
23445726 380721432 23446608 380721432
-3659936 -176286384 -3658763 -176286384
-32844590 10713887 -32844590 10716153
8812507 1005933992 8813178 1005933992
-59813793 95635132 -59813793 95637304
-1559719 80905465 -1559719 80905954
-166580375 -112893200 -166580032 -112893200
-82396608 217147243 -82396608 217149180
-73287585 -180596810 -73287585 -180596598
-9800474 100293964 -9800474 100294775
-134495148 -47115680 -134495148 -47113388
-34649310 -207089880 -34649310 -207087750
-13600669 -672494160 -13600510 -672494160
5552868 63752240 5553278 63752240
-4523605 -230620608 -4522777 -230620608
-110596477 3930841 -110596477 3931048
-74390294 -351048984 -74389482 -351048984
-15431981 -22336020 -15431565 -22336020
-9742788 -25768599 -9742788 -25768260
-11518029 -247949016 -11517450 -247949016
-10522320 -385447800 -10521600 -385447800
-23932476 -537748372 -23932476 -537747344
23114020 145498668 23114322 145498668
-11415291 -33739196 -11415291 -33739008
-1241100 -492082839 -1241100 -492081600
-2852085 -624671190 -2851484 -624671190
-142248867 -485673692 -142247755 -485673692
4162016 80457456 4163040 80457456
-18997552 -9864683 -18997552 -9861936
-33199392 -28273280 -33199392 -28271742
-69415060 -116308903 -69415060 -116308464
-13925808 -63607811 -13925808 -63605871
21262348 47972982 21263242 47972982
-9235960 -23645440 -9235545 -23645440
-17438472 -174970640 -17437707 -174970640
-57054900 95332506 -57054900 95334096
-77871360 -118795787 -77871360 -118792940
-57077190 -59697144 -57075950 -59697144
-6360335 -21165489 -6359808 -21165489
-50524972 -51709284 -50524972 -51707500
-171769020 11816347 -171769020 11817892
-36769624 -616165056 -36768496 -616165056
-21679791 187871499 -21679791 187871710
-36468608 66016916 -36468608 66018920
-35964496 -331647720 -35963842 -331647720
-2794300 -377750100 -2793248 -377750100
-212567936 -694582745 -212567936 -694580635
-121700922 -79415688 -121700478 -79415688
-73775101 127483797 -73775101 127484632
13057557 70343840 13058400 70343840
-31558782 -178771453 -31558782 -178769568
-193211428 -170943936 -193211428 -170942400
-1692261 -43448188 -1691577 -43448188
-187626818 -268150680 -187626570 -268150680
145224374 2645176 145224585 2645176
-92732052 -310743399 -92732052 -310741650
-16892289 -10826010 -16892120 -10826010
-53545234 -201831580 -53544508 -201831580
-17739774 8584908 -17739774 8587312
81871958 680356208 81873402 680356208
-87230262 7118998 -87230262 7119240
-116859616 -299652034 -116859616 -299650344
-48283152 60598412 -48283152 60599132
2324767 519965568 2325744 519965568
-203427 -73499600 -202860 -73499600
-44245215 15864266 -44245215 15864860
-116237476 -15901740 -116236440 -15901740
-174440 -346061902 -174440 -346060800
-11720502 -550192500 -11719857 -550192500
86343574 62173056 86343904 62173056
-51337104 37792009 -51337104 37792614
2509550 21874176 2510316 21874176
-520497 -927549954 -519357 -927549954
-13834960 -59839326 -13834960 -59838102
-6053088 -254967211 -6053088 -254966400
-19593568 666529 -19593568 669408
123819632 41867280 123820560 41867280
-379854 -261220428 -379854 -261218816
-22338918 98707362 -22338918 98708160
-24077830 -10683915 -24076999 -10683915
8999905 62847500 9000550 62847500
-9548400 15435917 -9548400 15437480
-76154544 113290621 -76154544 113291112
-58590888 -8688893 -58590888 -8685945
-173694124 -7441602 -173694124 -7440400
21293857 127043120 21295148 127043120
-69781680 -92766247 -69781680 -92763960
-88653408 -71991920 -88652746 -71991920
-50848848 -93144832 -50848560 -93144832
-24030493 -170210300 -24030039 -170210300
-38662624 71223090 -38662624 71225086
-14955437 22858876 -14955437 22860461
-16296706 -1185939472 -16296706 -1185938208
-15275260 -329416047 -15275260 -329414720
-223100 -267087404 -223100 -267085224
-3435552 -64261852 -3435552 -64261540
-15687 -280949954 -15687 -280947260
110656052 732446424 110657196 732446424
1919814 253137264 1919922 253137264
-23124564 107075604 -23124564 107076879
79789506 111213704 79790316 111213704
-137250464 -17571573 -137250464 -17570802
-88430864 -41238377 -88430864 -41236650
-108861142 -1218669739 -108861142 -1218669312
-43110491 -41937408 -43109053 -41937408
-94884063 -1048284 -94882848 -1048284
-83177658 -6401359 -83177658 -6400800
-137061117 -157573500 -137059776 -157573500
-100861201 -224277840 -100860115 -224277840
-89047368 -6751080 -89046544 -6751080
-92178952 -4282200 -92178709 -4282200
-25834115 152808454 -25834115 152809897
-12421042 -221851037 -12421042 -221850000
47494919 78986934 47495406 78986934
6127738 5170920 6128476 5170920
-45064224 152069885 -45064224 152070480
-37724531 21671209 -37724531 21672045
26542655 27661452 26542848 27661452
-5179902 13678798 -5179902 13681328
326146 103094775 327624 103094775
-11760211 44116301 -11760211 44117836
-29040597 -309892843 -29040597 -309890028
-153817958 -1304491230 -153817160 -1304491230
104972648 52384140 104974040 52384140
-72055512 -122290561 -72055512 -122288490
-2633381 -160080400 -2632532 -160080400
-2763180 148798119 -2763180 148800993
49904 537880120 51168 537880120
-6945120 -138797301 -6945120 -138794500
34787090 2775168 34787285 2775168
-55214252 -727287130 -55214166 -727287130
-6952428 55368339 -6952428 55369325
-22291132 -9004105 -22290310 -9004105
-2222682 -503288559 -2222682 -503286240
-7231282 -36869472 -7230960 -36869472
-267501 -277288680 -267501 -277287510
70626636 41895360 70626640 41895360
13568779 277172188 13569504 277172188
-36370620 101093076 -36370620 101093108
-7175288 -36007390 -7175288 -36006516
-20966600 -59203405 -20966600 -59200680
-128331009 -39195360 -128330250 -39195360
-638792 160186999 -638792 160188039
-62929104 -75254436 -62929104 -75251574
-14957688 -6148438 -14957688 -6145560
-38974936 -639286200 -38974080 -639286200
-103421064 81309848 -103421064 81310815
-47367040 -124665664 -47367040 -124664470
-160476877 -183236592 -160475623 -183236592
